00000000001000010001100000100000
00000000001000010001100000100000
00000000001000010001100000100000
00000000001000010001100000100000
00000000001000010001100000100000
00000000001000010001100000100000
00000000001000010001100000100000
00000000001000010001100000100000
00000000001000010001100000100000
00000000001000010001100000100000
00000000001000010001100000100000
00000000001000010001100000100000
00000000001000010001100000100000
00000000001000010001100000100000
00000000001000010001100000100000
00000000001000010001100000100000
00000000001000010001100000100000
00000000001000010001100000100000
00000000001000010001100000100000